1.2159043808314716e-05,28.38145243509519,37.49482635420103,27.4,40.62757684135247
1.2159043808314716e-05,28.381452436886228,37.4948263579207,27.4,40.62757684135247
1.2159043808314716e-05,28.3814524370428,37.494826358102294,27.4,40.62757684135247
1.2159043808314716e-05,28.381452437145327,37.49482635822664,27.4,40.62757684135247
1.2159043808314716e-05,28.381452437282825,37.49482635838469,27.4,40.62757684135247
1.2159043808314716e-05,28.381452437364544,37.494826358478626,27.4,40.62757684135247
1.2159043808314716e-05,28.381452437445688,37.4948263585719,27.4,40.62757684135247
1.2159043808314716e-05,28.381452437514497,37.49482635865099,27.4,40.62757684135247
1.2159043808314716e-05,28.381452437544958,37.49482635868601,27.4,40.62757684135247
1.2159043808314716e-05,28.38145243760726,37.49482635875762,27.4,40.62757684135247
1.2159043808314716e-05,28.381452437642576,37.49482635879822,27.4,40.62757684135247
1.2159043808314716e-05,28.3814524376584,37.49482635881641,27.4,40.62757684135247
1.2159043808314716e-05,28.381452437701903,37.49482635886642,27.4,40.62757684135247
1.2159043808314716e-05,28.381452437728967,37.49482635889752,27.4,40.62757684135247
1.2159043808314716e-05,28.381452437752195,37.49482635892423,27.4,40.62757684135247
1.2159043808314716e-05,28.381452437773696,37.49482635894894,27.4,40.62757684135247
1.2159043808314716e-05,28.381452437794806,37.49482635897321,27.4,40.62757684135247
1.2159043808314716e-05,28.38145243781485,37.49482635899624,27.4,40.62757684135247
1.2159043808314716e-05,28.381452437834223,37.49482635901851,27.4,40.62757684135247
1.2159043808314716e-05,28.381452437850065,37.49482635903672,27.4,40.62757684135247
1.2159043808314716e-05,28.38145243786639,37.49482635905549,27.4,40.62757684135247
1.2159043808314716e-05,28.381452437881617,37.494826359072995,27.4,40.62757684135247
1.2159043808314716e-05,28.381452437895103,37.49482635908849,27.4,40.62757684135247
1.2159043808314716e-05,28.381452437905992,37.49482635910101,27.4,40.62757684135247
1.2159043808314716e-05,28.38145243791998,37.49482635911709,27.4,40.62757684135247
1.2159043808314716e-05,28.38145243793083,37.49482635912956,27.4,40.62757684135247
1.2159043808314716e-05,28.381452437941288,37.49482635914159,27.4,40.62757684135247
1.2159043808314716e-05,28.38145243795083,37.49482635915255,27.4,40.62757684135247
1.2159043808314716e-05,28.381452437960327,37.49482635916347,27.4,40.62757684135247
1.2159043808314716e-05,28.38145243796891,37.49482635917334,27.4,40.62757684135247
1.2159043808314716e-05,28.38145243797678,37.49482635918238,27.4,40.62757684135247
1.2159043808314716e-05,28.381452437984443,37.49482635919119,27.4,40.62757684135247
1.2159043808314716e-05,28.381452437991793,37.49482635919964,27.4,40.62757684135247
1.2159043808314716e-05,28.381452437996398,37.494826359204936,27.4,40.62757684135247
1.2159043808314716e-05,28.381452438004654,37.49482635921442,27.4,40.62757684135247
1.2159043808314716e-05,28.38145243800957,37.49482635922008,27.4,40.62757684135247
1.2159043808314716e-05,28.381452438014687,37.49482635922596,27.4,40.62757684135247
1.2159043808314716e-05,28.381452438019686,37.4948263592317,27.4,40.62757684135247
1.2159043808314716e-05,28.38145243802187,37.49482635923422,27.4,40.62757684135247
1.2159043808314716e-05,28.38145243802882,37.494826359242204,27.4,40.62757684135247
1.2159043808314716e-05,28.381452438033,37.49482635924701,27.4,40.62757684135247
1.2159043808314716e-05,28.38145243803671,37.49482635925127,27.4,40.62757684135247
1.2159043808314716e-05,28.381452438040142,37.494826359255214,27.4,40.62757684135247
1.2159043808314716e-05,28.38145243804349,37.494826359259065,27.4,40.62757684135247
1.2159043808314716e-05,28.381452438046434,37.49482635926245,27.4,40.62757684135247
1.2159043808314716e-05,28.38145243804919,37.49482635926562,27.4,40.62757684135247
1.2159043808314716e-05,28.381452438051717,37.494826359268515,27.4,40.62757684135247
1.2159043808314716e-05,28.381452438054527,37.49482635927175,27.4,40.62757684135247
1.2159043808314716e-05,28.381452438057156,37.494826359274775,27.4,40.62757684135247
1.2159043808314716e-05,28.38145243805916,37.49482635927708,27.4,40.62757684135247
1.2159043808314716e-05,28.381452438061388,37.494826359279635,27.4,40.62757684135247
1.2159043808314716e-05,28.381452438063288,37.494826359281824,27.4,40.62757684135247
1.2159043808314716e-05,28.38145243806508,37.49482635928388,27.4,40.62757684135247
1.2159043808314716e-05,28.38145243806738,37.49482635928653,27.4,40.62757684135247
1.2159043808314716e-05,28.381452438069317,37.49482635928875,27.4,40.62757684135247
1.2159043808314716e-05,28.38145243807117,37.49482635929088,27.4,40.62757684135247
1.2159043808314716e-05,28.381452438072763,37.49482635929271,27.4,40.62757684135247
1.2159043808314716e-05,28.38145243807431,37.494826359294485,27.4,40.62757684135247
1.2159043808314716e-05,28.381452438075577,37.49482635929595,27.4,40.62757684135247
1.2159043808314716e-05,28.381452438077105,37.494826359297704,27.4,40.62757684135247
1.2159043808314716e-05,28.381452438078497,37.4948263592993,27.4,40.62757684135247
1.2159043808314716e-05,28.381452438079776,37.494826359300774,27.4,40.62757684135247
1.2159043808314716e-05,28.38145243808104,37.49482635930222,27.4,40.62757684135247
1.2159043808314716e-05,28.38145243808246,37.49482635930385,27.4,40.62757684135247
1.2159043808314716e-05,28.38145243808376,37.49482635930535,27.4,40.62757684135247
1.2159043808314716e-05,28.381452438084995,37.49482635930677,27.4,40.62757684135247
1.2159043808314716e-05,28.38145243808626,37.49482635930822,27.4,40.62757684135247
1.2159043808314716e-05,28.38145243808746,37.4948263593096,27.4,40.62757684135247
1.2159043808314716e-05,28.381452438088633,37.49482635931095,27.4,40.62757684135247
1.2159043808314716e-05,28.3814524380898,37.49482635931229,27.4,40.62757684135247
1.2159043808314716e-05,28.38145243809101,37.49482635931369,27.4,40.62757684135247
1.2159043808314716e-05,28.38145243809213,37.49482635931496,27.4,40.62757684135247
1.2159043808314716e-05,28.381452438093245,37.49482635931625,27.4,40.62757684135247
1.2159043808314716e-05,28.381452438094367,37.49482635931754,27.4,40.62757684135247
1.2159043808314716e-05,28.381452438095348,37.494826359318665,27.4,40.62757684135247
1.2159043808314716e-05,28.38145243809652,37.49482635932002,27.4,40.62757684135247
1.2159043808314716e-05,28.381452438097405,37.49482635932104,27.4,40.62757684135247
1.2159043808314716e-05,28.381452438098584,37.494826359322396,27.4,40.62757684135247
1.2159043808314716e-05,28.38145243809957,37.494826359323525,27.4,40.62757684135247
1.2159043808314716e-05,28.381452438100602,37.49482635932471,27.4,40.62757684135247
1.2159043808314716e-05,28.38145243810135,37.49482635932557,27.4,40.62757684135247
1.2159043808314716e-05,28.381452438102063,37.49482635932639,27.4,40.62757684135247
1.2159043808314716e-05,28.381452438102762,37.49482635932719,27.4,40.62757684135247
1.2159043808314716e-05,28.38145243810345,37.49482635932798,27.4,40.62757684135247
1.2159043808314716e-05,28.381452438104187,37.494826359328826,27.4,40.62757684135247
1.2159043808314716e-05,28.381452438104873,37.49482635932962,27.4,40.62757684135247
1.2159043808314716e-05,28.38145243810551,37.494826359330354,27.4,40.62757684135247
1.2159043808314716e-05,28.38145243810622,37.49482635933118,27.4,40.62757684135247
1.2159043808314716e-05,28.38145243810681,37.494826359331846,27.4,40.62757684135247
1.2159043808314716e-05,28.381452438107498,37.494826359332635,27.4,40.62757684135247
1.2159043808314716e-05,28.38145243810819,37.49482635933343,27.4,40.62757684135247
1.2159043808314716e-05,28.381452438108802,37.49482635933414,27.4,40.62757684135247
1.2159043808314716e-05,28.38145243810923,37.49482635933463,27.4,40.62757684135247
1.2159043808314716e-05,28.38145243811008,37.494826359335605,27.4,40.62757684135247
1.2159043808314716e-05,28.3814524381107,37.494826359336315,27.4,40.62757684135247
1.2159043808314716e-05,28.38145243811111,37.494826359336784,27.4,40.62757684135247
1.2159043808314716e-05,28.381452438111893,37.49482635933769,27.4,40.62757684135247
1.2159043808314716e-05,28.38145243811249,37.494826359338376,27.4,40.62757684135247
1.2159043808314716e-05,28.381452438113065,37.49482635933904,27.4,40.62757684135247
1.2159043808314716e-05,28.381452438113648,37.49482635933971,27.4,40.62757684135247
